 4OYK_B
4OYK_B 0.00
