 4UZY_A
4UZY_A 0.00
